1000
1 5 0
2 45 13
3 16 0
4 9 25
5 44 19
6 24 17
7 10 31
8 11 43
9 21 29
10 35 31
11 19 29
12 30 27
13 33 45
14 36 1
15 40 29
16 8 46
17 26 42
18 2 41
19 20 41
20 20 42
21 39 46
22 48 23
23 24 0
24 0 50
25 37 13
26 25 23
27 48 6
28 16 37
29 49 37
30 13 9
31 7 6
32 47 42
33 0 32
34 49 46
35 27 39
36 13 31
37 15 13
38 32 48
39 22 50
40 6 0
41 23 21
42 34 8
43 45 14
44 45 34
45 41 34
46 0 0
47 14 9
48 6 11
49 44 34
50 42 15
51 7 8
52 9 24
53 24 17
54 13 12
55 22 13
56 42 3
57 29 33
58 43 19
59 28 9
60 32 48
61 11 35
62 47 24
63 35 49
64 14 13
65 48 1
66 0 10
67 39 12
68 33 34
69 38 50
70 3 47
71 42 16
72 5 29
73 46 10
74 2 36
75 12 13
76 48 32
77 0 3
78 39 12
79 34 19
80 37 3
81 30 35
82 43 1
83 6 15
84 33 36
85 7 20
86 21 41
87 48 22
88 11 48
89 6 41
90 10 17
91 22 23
92 25 26
93 40 30
94 43 36
95 47 44
96 44 35
97 6 16
98 14 34
99 24 38
100 28 48
101 0 44
102 6 47
103 19 17
104 9 3
105 13 3
106 27 36
107 32 17
108 50 23
109 4 5
110 13 41
111 29 14
112 24 37
113 38 28
114 38 34
115 4 1
116 12 19
117 19 3
118 18 43
119 23 39
120 40 25
121 41 31
122 3 41
123 35 29
124 44 39
125 9 38
126 40 37
127 3 34
128 36 47
129 17 9
130 12 25
131 16 6
132 2 45
133 45 38
134 26 1
135 17 28
136 21 8
137 9 29
138 6 10
139 22 10
140 40 10
141 12 24
142 29 24
143 0 37
144 3 2
145 21 16
146 15 47
147 10 50
148 42 24
149 2 50
150 43 23
151 28 13
152 42 33
153 23 32
154 42 22
155 47 30
156 8 50
157 35 38
158 22 34
159 42 22
160 14 4
161 10 37
162 20 31
163 48 39
164 4 8
165 13 9
166 36 40
167 10 7
168 37 49
169 42 46
170 23 11
171 47 31
172 24 10
173 25 29
174 17 44
175 39 7
176 28 17
177 12 44
178 18 10
179 22 45
180 1 25
181 18 20
182 8 16
183 9 28
184 45 46
185 28 28
186 36 25
187 49 2
188 0 17
189 39 0
190 7 8
191 10 3
192 29 22
193 10 29
194 42 7
195 42 21
196 19 35
197 40 19
198 32 5
199 37 26
200 6 35
201 41 47
202 44 13
203 10 1
204 19 49
205 29 15
206 23 39
207 43 16
208 42 14
209 31 8
210 23 19
211 43 34
212 32 7
213 46 6
214 38 42
215 9 27
216 45 4
217 19 17
218 28 26
219 14 34
220 50 15
221 50 30
222 6 23
223 1 15
224 9 34
225 8 21
226 47 25
227 38 39
228 41 0
229 40 0
230 16 23
231 43 22
232 49 40
233 6 0
234 13 47
235 20 25
236 19 30
237 11 2
238 48 27
239 45 46
240 12 15
241 37 5
242 4 21
243 28 7
244 49 6
245 33 3
246 18 35
247 0 19
248 38 18
249 3 32
250 14 9
251 15 26
252 49 31
253 46 14
254 27 5
255 45 20
256 0 6
257 39 29
258 12 22
259 45 31
260 33 31
261 44 28
262 49 6
263 40 25
264 13 7
265 23 26
266 18 49
267 4 2
268 12 14
269 1 28
270 23 45
271 15 23
272 34 9
273 14 25
274 50 6
275 12 5
276 36 37
277 1 0
278 29 6
279 30 34
280 7 9
281 35 17
282 46 23
283 13 10
284 48 3
285 30 20
286 33 0
287 46 21
288 37 27
289 24 19
290 37 22
291 16 14
292 46 31
293 37 35
294 48 23
295 3 48
296 48 1
297 42 43
298 25 13
299 35 37
300 23 28
301 40 34
302 17 20
303 5 30
304 20 8
305 45 48
306 41 34
307 10 46
308 36 31
309 12 31
310 11 15
311 43 50
312 27 41
313 43 25
314 16 21
315 13 19
316 9 40
317 10 1
318 17 0
319 47 17
320 33 26
321 0 6
322 34 17
323 17 20
324 45 49
325 17 47
326 46 32
327 1 26
328 12 41
329 42 36
330 0 47
331 4 10
332 21 46
333 23 17
334 39 31
335 40 2
336 45 4
337 4 45
338 33 19
339 12 11
340 1 41
341 11 8
342 33 25
343 35 34
344 23 41
345 38 23
346 33 14
347 46 42
348 17 20
349 14 29
350 37 17
351 33 33
352 15 14
353 37 8
354 20 2
355 35 49
356 24 11
357 19 45
358 37 18
359 31 43
360 49 14
361 4 49
362 3 40
363 1 19
364 22 27
365 22 30
366 13 46
367 19 27
368 39 11
369 14 26
370 25 14
371 31 26
372 46 39
373 29 37
374 49 4
375 2 14
376 23 28
377 46 9
378 8 1
379 41 42
380 1 33
381 15 21
382 30 32
383 26 16
384 19 12
385 48 1
386 35 6
387 0 32
388 50 27
389 50 44
390 17 0
391 35 9
392 40 40
393 4 35
394 29 9
395 9 18
396 12 13
397 30 3
398 0 12
399 44 33
400 10 0
401 21 40
402 45 14
403 10 43
404 6 29
405 12 32
406 33 24
407 43 22
408 21 13
409 20 4
410 19 17
411 30 45
412 19 13
413 18 13
414 8 43
415 33 42
416 2 37
417 8 25
418 36 20
419 17 27
420 46 16
421 49 12
422 41 25
423 3 11
424 20 31
425 47 49
426 44 49
427 10 22
428 7 15
429 0 42
430 0 40
431 38 18
432 28 42
433 19 11
434 0 43
435 32 14
436 26 22
437 48 35
438 26 37
439 29 2
440 37 28
441 3 32
442 50 37
443 50 15
444 43 1
445 3 29
446 1 13
447 14 30
448 45 0
449 33 28
450 36 11
451 4 33
452 49 32
453 11 38
454 11 27
455 32 15
456 16 43
457 49 28
458 37 42
459 49 1
460 33 28
461 11 3
462 31 6
463 14 17
464 28 8
465 17 0
466 42 27
467 1 10
468 0 20
469 19 7
470 41 4
471 44 34
472 49 34
473 14 42
474 27 12
475 11 1
476 33 40
477 12 43
478 44 21
479 4 47
480 15 21
481 21 18
482 33 30
483 32 0
484 10 42
485 14 0
486 11 1
487 0 26
488 22 2
489 18 38
490 41 22
491 10 18
492 26 47
493 36 14
494 13 47
495 6 15
496 37 44
497 20 26
498 49 17
499 15 28
500 7 42
501 22 30
502 27 1
503 25 2
504 43 1
505 3 5
506 34 0
507 47 31
508 34 16
509 39 45
510 13 1
511 36 9
512 17 18
513 16 3
514 9 27
515 19 9
516 14 16
517 30 14
518 38 2
519 50 38
520 39 29
521 3 39
522 19 27
523 14 4
524 38 39
525 38 32
526 6 36
527 50 13
528 13 42
529 45 37
530 29 8
531 9 30
532 19 20
533 0 0
534 46 21
535 9 36
536 41 3
537 23 8
538 4 22
539 31 23
540 14 18
541 21 21
542 30 0
543 39 12
544 38 21
545 7 7
546 44 0
547 22 0
548 11 13
549 25 5
550 43 42
551 38 46
552 1 21
553 10 16
554 40 27
555 27 18
556 26 5
557 35 22
558 3 42
559 26 43
560 22 11
561 5 50
562 21 39
563 10 24
564 14 34
565 1 34
566 34 18
567 17 29
568 17 7
569 16 4
570 31 30
571 25 28
572 3 45
573 8 26
574 18 28
575 26 29
576 7 24
577 37 23
578 3 18
579 13 12
580 15 1
581 48 5
582 47 10
583 35 17
584 4 18
585 37 22
586 10 47
587 43 26
588 50 11
589 2 4
590 12 45
591 36 42
592 5 48
593 33 8
594 6 38
595 44 25
596 43 42
597 10 21
598 34 34
599 38 20
600 29 13
601 31 5
602 1 7
603 39 45
604 40 18
605 24 24
606 32 49
607 29 50
608 34 14
609 10 11
610 43 16
611 36 9
612 10 18
613 45 19
614 29 29
615 24 18
616 27 20
617 41 23
618 21 10
619 40 36
620 16 27
621 40 20
622 7 48
623 45 20
624 41 29
625 26 43
626 38 23
627 50 46
628 17 14
629 14 17
630 20 36
631 38 9
632 0 11
633 5 1
634 12 31
635 7 41
636 47 13
637 36 32
638 43 13
639 49 16
640 42 19
641 8 10
642 18 45
643 16 45
644 26 11
645 25 29
646 39 30
647 0 39
648 3 25
649 37 47
650 36 47
651 22 28
652 37 4
653 30 22
654 48 6
655 17 39
656 50 21
657 47 42
658 6 0
659 35 22
660 35 34
661 28 44
662 49 42
663 20 45
664 31 38
665 50 12
666 48 13
667 20 6
668 43 17
669 24 45
670 20 39
671 47 8
672 32 4
673 34 5
674 42 7
675 7 27
676 2 22
677 12 21
678 50 7
679 16 9
680 6 16
681 4 31
682 4 40
683 37 38
684 2 17
685 16 35
686 31 10
687 39 21
688 10 34
689 50 34
690 30 29
691 9 8
692 30 11
693 47 33
694 26 15
695 44 5
696 42 50
697 0 37
698 14 3
699 48 28
700 48 36
701 17 15
702 23 47
703 10 35
704 18 8
705 30 21
706 30 17
707 50 24
708 17 25
709 38 25
710 13 25
711 44 25
712 9 35
713 20 15
714 34 1
715 46 38
716 30 37
717 25 28
718 48 36
719 40 17
720 49 21
721 46 10
722 6 16
723 17 23
724 22 33
725 46 16
726 49 43
727 27 42
728 16 41
729 5 17
730 13 48
731 12 35
732 4 49
733 6 47
734 36 31
735 50 40
736 6 9
737 12 27
738 6 35
739 8 49
740 44 14
741 22 25
742 41 38
743 44 9
744 8 23
745 43 6
746 48 27
747 42 33
748 42 25
749 12 29
750 13 28
751 44 10
752 33 38
753 28 32
754 18 48
755 43 32
756 21 19
757 16 30
758 49 42
759 39 40
760 43 48
761 15 10
762 49 30
763 4 36
764 41 25
765 21 28
766 32 29
767 2 30
768 16 9
769 3 13
770 27 37
771 49 24
772 16 3
773 26 30
774 5 50
775 50 19
776 12 39
777 23 49
778 4 48
779 14 34
780 49 25
781 15 25
782 36 34
783 17 4
784 29 19
785 2 4
786 42 15
787 48 11
788 5 37
789 46 40
790 11 19
791 4 14
792 45 34
793 17 37
794 0 28
795 39 37
796 1 39
797 46 3
798 22 49
799 44 8
800 12 43
801 0 33
802 9 27
803 36 29
804 21 13
805 28 14
806 5 23
807 13 0
808 35 37
809 5 7
810 8 36
811 35 22
812 45 19
813 16 48
814 22 24
815 28 37
816 18 7
817 41 19
818 38 1
819 9 17
820 14 13
821 7 37
822 19 49
823 10 24
824 9 9
825 39 1
826 45 43
827 40 27
828 29 9
829 46 19
830 27 32
831 22 46
832 31 35
833 46 21
834 40 20
835 1 36
836 13 10
837 19 25
838 37 43
839 49 15
840 31 10
841 35 43
842 6 9
843 27 26
844 14 10
845 30 42
846 6 14
847 15 38
848 18 19
849 3 5
850 30 27
851 32 25
852 37 4
853 48 29
854 32 24
855 5 33
856 15 50
857 13 41
858 10 35
859 46 28
860 23 31
861 46 5
862 20 11
863 25 46
864 21 31
865 2 0
866 31 49
867 36 25
868 3 38
869 43 8
870 28 5
871 31 20
872 44 7
873 32 10
874 20 27
875 15 3
876 0 39
877 50 34
878 12 46
879 1 27
880 47 11
881 2 40
882 32 30
883 44 37
884 33 0
885 31 33
886 29 17
887 15 28
888 24 14
889 6 3
890 3 21
891 22 42
892 42 36
893 38 8
894 8 48
895 22 28
896 29 8
897 48 9
898 24 34
899 42 4
900 5 39
901 0 24
902 1 32
903 39 34
904 16 47
905 18 14
906 46 21
907 37 17
908 43 35
909 16 4
910 43 43
911 49 38
912 37 16
913 35 30
914 17 1
915 37 39
916 1 49
917 10 17
918 25 35
919 25 14
920 41 20
921 10 44
922 42 11
923 50 12
924 18 19
925 46 31
926 5 22
927 23 46
928 37 28
929 1 2
930 45 20
931 15 40
932 18 4
933 12 37
934 45 31
935 25 19
936 10 1
937 23 22
938 4 25
939 0 29
940 6 13
941 24 17
942 30 11
943 15 2
944 37 6
945 46 35
946 30 39
947 40 41
948 33 1
949 9 40
950 16 13
951 6 48
952 27 32
953 21 35
954 38 41
955 41 30
956 7 12
957 34 12
958 15 7
959 47 20
960 42 38
961 40 24
962 7 21
963 22 38
964 6 1
965 9 7
966 25 31
967 27 9
968 17 8
969 43 34
970 35 21
971 5 19
972 8 15
973 32 19
974 22 35
975 8 15
976 40 12
977 17 8
978 14 2
979 43 33
980 48 15
981 36 33
982 38 43
983 0 0
984 39 19
985 37 8
986 38 38
987 4 48
988 14 35
989 21 11
990 37 6
991 13 23
992 19 32
993 14 14
994 45 50
995 43 32
996 45 39
997 15 34
998 34 25
999 45 48
1000 46 24
